1 0.1 0.437627811861
1 0.2 0.431492842536
1 0.3 0.435582822086
1 0.4 0.431492842536
1 0.5 0.431492842536
1 0.6 0.431492842536
1 0.7 0.423312883436
1 0.8 0.429447852761
1 0.9 0.429447852761
1 1.0 0.429447852761
2 0.1 0.431492842536
2 0.2 0.431492842536
2 0.3 0.431492842536
2 0.4 0.427402862986
2 0.5 0.429447852761
2 0.6 0.437627811861
2 0.7 0.443762781186
2 0.8 0.445807770961
2 0.9 0.453987730061
2 1.0 0.443762781186
3 0.1 0.435582822086
3 0.2 0.431492842536
3 0.3 0.425357873211
3 0.4 0.437627811861
3 0.5 0.445807770961
3 0.6 0.451942740286
3 0.7 0.451942740286
3 0.8 0.456032719836
3 0.9 0.466257668712
3 1.0 0.484662576687
4 0.1 0.431492842536
4 0.2 0.425357873211
4 0.3 0.437627811861
4 0.4 0.443762781186
4 0.5 0.443762781186
4 0.6 0.456032719836
4 0.7 0.470347648262
4 0.8 0.482617586912
4 0.9 0.486707566462
4 1.0 0.490797546012
5 0.1 0.431492842536
5 0.2 0.429447852761
5 0.3 0.445807770961
5 0.4 0.443762781186
5 0.5 0.460122699387
5 0.6 0.484662576687
5 0.7 0.488752556237
5 0.8 0.490797546012
5 0.9 0.486707566462
5 1.0 0.503067484663
6 0.1 0.431492842536
6 0.2 0.435582822086
6 0.3 0.447852760736
6 0.4 0.456032719836
6 0.5 0.484662576687
6 0.6 0.484662576687
6 0.7 0.488752556237
6 0.8 0.501022494888
6 0.9 0.507157464213
6 1.0 0.529652351738
7 0.1 0.425357873211
7 0.2 0.441717791411
7 0.3 0.449897750511
7 0.4 0.468302658487
7 0.5 0.488752556237
7 0.6 0.488752556237
7 0.7 0.501022494888
7 0.8 0.496932515337
7 0.9 0.539877300613
7 1.0 0.552147239264
8 0.1 0.425357873211
8 0.2 0.443762781186
8 0.3 0.453987730061
8 0.4 0.480572597137
8 0.5 0.488752556237
8 0.6 0.498977505112
8 0.7 0.496932515337
8 0.8 0.543967280164
8 0.9 0.556237218814
8 1.0 0.562372188139
9 0.1 0.425357873211
9 0.2 0.447852760736
9 0.3 0.464212678937
9 0.4 0.482617586912
9 0.5 0.486707566462
9 0.6 0.511247443763
9 0.7 0.535787321063
9 0.8 0.556237218814
9 0.9 0.564417177914
9 1.0 0.568507157464
10 0.1 0.429447852761
10 0.2 0.445807770961
10 0.3 0.480572597137
10 0.4 0.488752556237
10 0.5 0.501022494888
10 0.6 0.525562372188
10 0.7 0.550102249489
10 0.8 0.562372188139
10 0.9 0.568507157464
10 1.0 0.584867075665
11 0.1 0.427402862986
11 0.2 0.449897750511
11 0.3 0.482617586912
11 0.4 0.486707566462
11 0.5 0.503067484663
11 0.6 0.543967280164
11 0.7 0.554192229039
11 0.8 0.568507157464
11 0.9 0.584867075665
11 1.0 0.59100204499
12 0.1 0.433537832311
12 0.2 0.447852760736
12 0.3 0.484662576687
12 0.4 0.496932515337
12 0.5 0.525562372188
12 0.6 0.554192229039
12 0.7 0.570552147239
12 0.8 0.580777096115
12 0.9 0.588957055215
12 1.0 0.59918200409
13 0.1 0.435582822086
13 0.2 0.462167689162
13 0.3 0.488752556237
13 0.4 0.501022494888
13 0.5 0.543967280164
13 0.6 0.554192229039
13 0.7 0.568507157464
13 0.8 0.58691206544
13 0.9 0.59509202454
13 1.0 0.59918200409
14 0.1 0.439672801636
14 0.2 0.464212678937
14 0.3 0.488752556237
14 0.4 0.503067484663
14 0.5 0.550102249489
14 0.6 0.568507157464
14 0.7 0.584867075665
14 0.8 0.59100204499
14 0.9 0.59918200409
14 1.0 0.601226993865
15 0.1 0.441717791411
15 0.2 0.478527607362
15 0.3 0.484662576687
15 0.4 0.521472392638
15 0.5 0.552147239264
15 0.6 0.568507157464
15 0.7 0.58691206544
15 0.8 0.597137014315
15 0.9 0.59918200409
15 1.0 0.60327198364
16 0.1 0.439672801636
16 0.2 0.480572597137
16 0.3 0.496932515337
16 0.4 0.533742331288
16 0.5 0.560327198364
16 0.6 0.580777096115
16 0.7 0.59100204499
16 0.8 0.59918200409
16 0.9 0.60327198364
16 1.0 0.60327198364
17 0.1 0.437627811861
17 0.2 0.482617586912
17 0.3 0.501022494888
17 0.4 0.548057259714
17 0.5 0.570552147239
17 0.6 0.58691206544
17 0.7 0.59509202454
17 0.8 0.59918200409
17 0.9 0.60327198364
17 1.0 0.60327198364
18 0.1 0.447852760736
18 0.2 0.486707566462
18 0.3 0.503067484663
18 0.4 0.554192229039
18 0.5 0.568507157464
18 0.6 0.58691206544
18 0.7 0.59918200409
18 0.8 0.60327198364
18 0.9 0.60327198364
18 1.0 0.60327198364
19 0.1 0.449897750511
19 0.2 0.486707566462
19 0.3 0.494887525562
19 0.4 0.554192229039
19 0.5 0.576687116564
19 0.6 0.593047034765
19 0.7 0.59918200409
19 0.8 0.60327198364
19 0.9 0.60327198364
19 1.0 0.60327198364
20 0.1 0.443762781186
20 0.2 0.488752556237
20 0.3 0.521472392638
20 0.4 0.558282208589
20 0.5 0.584867075665
20 0.6 0.59509202454
20 0.7 0.601226993865
20 0.8 0.60327198364
20 0.9 0.60327198364
20 1.0 0.60327198364
21 0.1 0.441717791411
21 0.2 0.490797546012
21 0.3 0.525562372188
21 0.4 0.566462167689
21 0.5 0.58691206544
21 0.6 0.59918200409
21 0.7 0.60327198364
21 0.8 0.60327198364
21 0.9 0.60327198364
21 1.0 0.60327198364
22 0.1 0.445807770961
22 0.2 0.488752556237
22 0.3 0.541922290389
22 0.4 0.570552147239
22 0.5 0.588957055215
22 0.6 0.59918200409
22 0.7 0.60327198364
22 0.8 0.60327198364
22 0.9 0.60327198364
22 1.0 0.60327198364
23 0.1 0.447852760736
23 0.2 0.484662576687
23 0.3 0.548057259714
23 0.4 0.568507157464
23 0.5 0.593047034765
23 0.6 0.59918200409
23 0.7 0.60327198364
23 0.8 0.60327198364
23 0.9 0.60327198364
23 1.0 0.60327198364
24 0.1 0.449897750511
24 0.2 0.490797546012
24 0.3 0.550102249489
24 0.4 0.576687116564
24 0.5 0.59509202454
24 0.6 0.601226993865
24 0.7 0.60327198364
24 0.8 0.60327198364
24 0.9 0.60327198364
24 1.0 0.60327198364
25 0.1 0.449897750511
25 0.2 0.498977505112
25 0.3 0.554192229039
25 0.4 0.584867075665
25 0.5 0.59918200409
25 0.6 0.60327198364
25 0.7 0.60327198364
25 0.8 0.60327198364
25 0.9 0.60327198364
25 1.0 0.60327198364
26 0.1 0.456032719836
26 0.2 0.501022494888
26 0.3 0.554192229039
26 0.4 0.58691206544
26 0.5 0.59918200409
26 0.6 0.60327198364
26 0.7 0.60327198364
26 0.8 0.60327198364
26 0.9 0.60327198364
26 1.0 0.60327198364
27 0.1 0.458077709611
27 0.2 0.503067484663
27 0.3 0.558282208589
27 0.4 0.58691206544
27 0.5 0.59918200409
27 0.6 0.60327198364
27 0.7 0.60327198364
27 0.8 0.60327198364
27 0.9 0.60327198364
27 1.0 0.60327198364
28 0.1 0.462167689162
28 0.2 0.505112474438
28 0.3 0.562372188139
28 0.4 0.588957055215
28 0.5 0.59918200409
28 0.6 0.60327198364
28 0.7 0.60327198364
28 0.8 0.60327198364
28 0.9 0.60327198364
28 1.0 0.60327198364
29 0.1 0.462167689162
29 0.2 0.494887525562
29 0.3 0.568507157464
29 0.4 0.593047034765
29 0.5 0.601226993865
29 0.6 0.60327198364
29 0.7 0.60327198364
29 0.8 0.60327198364
29 0.9 0.60327198364
29 1.0 0.60327198364
30 0.1 0.470347648262
30 0.2 0.501022494888
30 0.3 0.570552147239
30 0.4 0.593047034765
30 0.5 0.60327198364
30 0.6 0.60327198364
30 0.7 0.60327198364
30 0.8 0.60327198364
30 0.9 0.60327198364
30 1.0 0.60327198364
31 0.1 0.474437627812
31 0.2 0.519427402863
31 0.3 0.568507157464
31 0.4 0.59918200409
31 0.5 0.60327198364
31 0.6 0.60327198364
31 0.7 0.60327198364
31 0.8 0.60327198364
31 0.9 0.60327198364
31 1.0 0.60327198364
32 0.1 0.476482617587
32 0.2 0.525562372188
32 0.3 0.574642126789
32 0.4 0.59918200409
32 0.5 0.60327198364
32 0.6 0.60327198364
32 0.7 0.60327198364
32 0.8 0.60327198364
32 0.9 0.60327198364
32 1.0 0.60327198364
33 0.1 0.478527607362
33 0.2 0.529652351738
33 0.3 0.578732106339
33 0.4 0.59918200409
33 0.5 0.60327198364
33 0.6 0.60327198364
33 0.7 0.60327198364
33 0.8 0.60327198364
33 0.9 0.60327198364
33 1.0 0.60327198364
34 0.1 0.478527607362
34 0.2 0.539877300613
34 0.3 0.584867075665
34 0.4 0.59918200409
34 0.5 0.60327198364
34 0.6 0.60327198364
34 0.7 0.60327198364
34 0.8 0.60327198364
34 0.9 0.60327198364
34 1.0 0.60327198364
35 0.1 0.480572597137
35 0.2 0.546012269939
35 0.3 0.584867075665
35 0.4 0.59918200409
35 0.5 0.60327198364
35 0.6 0.60327198364
35 0.7 0.60327198364
35 0.8 0.60327198364
35 0.9 0.60327198364
35 1.0 0.60327198364
36 0.1 0.480572597137
36 0.2 0.546012269939
36 0.3 0.58691206544
36 0.4 0.601226993865
36 0.5 0.60327198364
36 0.6 0.60327198364
36 0.7 0.60327198364
36 0.8 0.60327198364
36 0.9 0.60327198364
36 1.0 0.60327198364
37 0.1 0.488752556237
37 0.2 0.552147239264
37 0.3 0.58691206544
37 0.4 0.60327198364
37 0.5 0.60327198364
37 0.6 0.60327198364
37 0.7 0.60327198364
37 0.8 0.60327198364
37 0.9 0.60327198364
37 1.0 0.60327198364
38 0.1 0.480572597137
38 0.2 0.556237218814
38 0.3 0.588957055215
38 0.4 0.60327198364
38 0.5 0.60327198364
38 0.6 0.60327198364
38 0.7 0.60327198364
38 0.8 0.60327198364
38 0.9 0.60327198364
38 1.0 0.60327198364
39 0.1 0.484662576687
39 0.2 0.554192229039
39 0.3 0.59100204499
39 0.4 0.60327198364
39 0.5 0.60327198364
39 0.6 0.60327198364
39 0.7 0.60327198364
39 0.8 0.60327198364
39 0.9 0.60327198364
39 1.0 0.60327198364
40 0.1 0.486707566462
40 0.2 0.554192229039
40 0.3 0.59100204499
40 0.4 0.60327198364
40 0.5 0.60327198364
40 0.6 0.60327198364
40 0.7 0.60327198364
40 0.8 0.60327198364
40 0.9 0.60327198364
40 1.0 0.60327198364
41 0.1 0.488752556237
41 0.2 0.552147239264
41 0.3 0.593047034765
41 0.4 0.60327198364
41 0.5 0.60327198364
41 0.6 0.60327198364
41 0.7 0.60327198364
41 0.8 0.60327198364
41 0.9 0.60327198364
41 1.0 0.60327198364
42 0.1 0.488752556237
42 0.2 0.560327198364
42 0.3 0.597137014315
42 0.4 0.60327198364
42 0.5 0.60327198364
42 0.6 0.60327198364
42 0.7 0.60327198364
42 0.8 0.60327198364
42 0.9 0.60327198364
42 1.0 0.60327198364
43 0.1 0.490797546012
43 0.2 0.560327198364
43 0.3 0.59918200409
43 0.4 0.60327198364
43 0.5 0.60327198364
43 0.6 0.60327198364
43 0.7 0.60327198364
43 0.8 0.60327198364
43 0.9 0.60327198364
43 1.0 0.60327198364
44 0.1 0.486707566462
44 0.2 0.566462167689
44 0.3 0.59918200409
44 0.4 0.60327198364
44 0.5 0.60327198364
44 0.6 0.60327198364
44 0.7 0.60327198364
44 0.8 0.60327198364
44 0.9 0.60327198364
44 1.0 0.60327198364
45 0.1 0.488752556237
45 0.2 0.568507157464
45 0.3 0.59918200409
45 0.4 0.60327198364
45 0.5 0.60327198364
45 0.6 0.60327198364
45 0.7 0.60327198364
45 0.8 0.60327198364
45 0.9 0.60327198364
45 1.0 0.60327198364
46 0.1 0.488752556237
46 0.2 0.568507157464
46 0.3 0.59918200409
46 0.4 0.60327198364
46 0.5 0.60327198364
46 0.6 0.60327198364
46 0.7 0.60327198364
46 0.8 0.60327198364
46 0.9 0.60327198364
46 1.0 0.60327198364
47 0.1 0.484662576687
47 0.2 0.568507157464
47 0.3 0.59918200409
47 0.4 0.60327198364
47 0.5 0.60327198364
47 0.6 0.60327198364
47 0.7 0.60327198364
47 0.8 0.60327198364
47 0.9 0.60327198364
47 1.0 0.60327198364
48 0.1 0.482617586912
48 0.2 0.568507157464
48 0.3 0.59918200409
48 0.4 0.60327198364
48 0.5 0.60327198364
48 0.6 0.60327198364
48 0.7 0.60327198364
48 0.8 0.60327198364
48 0.9 0.60327198364
48 1.0 0.60327198364
49 0.1 0.484662576687
49 0.2 0.570552147239
49 0.3 0.601226993865
49 0.4 0.60327198364
49 0.5 0.60327198364
49 0.6 0.60327198364
49 0.7 0.60327198364
49 0.8 0.60327198364
49 0.9 0.60327198364
49 1.0 0.60327198364
50 0.1 0.488752556237
50 0.2 0.576687116564
50 0.3 0.601226993865
50 0.4 0.60327198364
50 0.5 0.60327198364
50 0.6 0.60327198364
50 0.7 0.60327198364
50 0.8 0.60327198364
50 0.9 0.60327198364
50 1.0 0.60327198364
51 0.1 0.488752556237
51 0.2 0.576687116564
51 0.3 0.60327198364
51 0.4 0.60327198364
51 0.5 0.60327198364
51 0.6 0.60327198364
51 0.7 0.60327198364
51 0.8 0.60327198364
51 0.9 0.60327198364
51 1.0 0.60327198364
52 0.1 0.496932515337
52 0.2 0.580777096115
52 0.3 0.60327198364
52 0.4 0.60327198364
52 0.5 0.60327198364
52 0.6 0.60327198364
52 0.7 0.60327198364
52 0.8 0.60327198364
52 0.9 0.60327198364
52 1.0 0.60327198364
53 0.1 0.498977505112
53 0.2 0.584867075665
53 0.3 0.60327198364
53 0.4 0.60327198364
53 0.5 0.60327198364
53 0.6 0.60327198364
53 0.7 0.60327198364
53 0.8 0.60327198364
53 0.9 0.60327198364
53 1.0 0.60327198364
54 0.1 0.501022494888
54 0.2 0.584867075665
54 0.3 0.60327198364
54 0.4 0.60327198364
54 0.5 0.60327198364
54 0.6 0.60327198364
54 0.7 0.60327198364
54 0.8 0.60327198364
54 0.9 0.60327198364
54 1.0 0.60327198364
55 0.1 0.501022494888
55 0.2 0.58691206544
55 0.3 0.60327198364
55 0.4 0.60327198364
55 0.5 0.60327198364
55 0.6 0.60327198364
55 0.7 0.60327198364
55 0.8 0.60327198364
55 0.9 0.60327198364
55 1.0 0.60327198364
56 0.1 0.498977505112
56 0.2 0.58691206544
56 0.3 0.60327198364
56 0.4 0.60327198364
56 0.5 0.60327198364
56 0.6 0.60327198364
56 0.7 0.60327198364
56 0.8 0.60327198364
56 0.9 0.60327198364
56 1.0 0.60327198364
57 0.1 0.501022494888
57 0.2 0.58691206544
57 0.3 0.60327198364
57 0.4 0.60327198364
57 0.5 0.60327198364
57 0.6 0.60327198364
57 0.7 0.60327198364
57 0.8 0.60327198364
57 0.9 0.60327198364
57 1.0 0.60327198364
58 0.1 0.505112474438
58 0.2 0.58691206544
58 0.3 0.60327198364
58 0.4 0.60327198364
58 0.5 0.60327198364
58 0.6 0.60327198364
58 0.7 0.60327198364
58 0.8 0.60327198364
58 0.9 0.60327198364
58 1.0 0.60327198364
59 0.1 0.507157464213
59 0.2 0.588957055215
59 0.3 0.60327198364
59 0.4 0.60327198364
59 0.5 0.60327198364
59 0.6 0.60327198364
59 0.7 0.60327198364
59 0.8 0.60327198364
59 0.9 0.60327198364
59 1.0 0.60327198364
60 0.1 0.498977505112
60 0.2 0.588957055215
60 0.3 0.60327198364
60 0.4 0.60327198364
60 0.5 0.60327198364
60 0.6 0.60327198364
60 0.7 0.60327198364
60 0.8 0.60327198364
60 0.9 0.60327198364
60 1.0 0.60327198364
61 0.1 0.494887525562
61 0.2 0.59100204499
61 0.3 0.60327198364
61 0.4 0.60327198364
61 0.5 0.60327198364
61 0.6 0.60327198364
61 0.7 0.60327198364
61 0.8 0.60327198364
61 0.9 0.60327198364
61 1.0 0.60327198364
62 0.1 0.494887525562
62 0.2 0.59100204499
62 0.3 0.60327198364
62 0.4 0.60327198364
62 0.5 0.60327198364
62 0.6 0.60327198364
62 0.7 0.60327198364
62 0.8 0.60327198364
62 0.9 0.60327198364
62 1.0 0.60327198364
63 0.1 0.494887525562
63 0.2 0.593047034765
63 0.3 0.60327198364
63 0.4 0.60327198364
63 0.5 0.60327198364
63 0.6 0.60327198364
63 0.7 0.60327198364
63 0.8 0.60327198364
63 0.9 0.60327198364
63 1.0 0.60327198364
64 0.1 0.492842535787
64 0.2 0.593047034765
64 0.3 0.60327198364
64 0.4 0.60327198364
64 0.5 0.60327198364
64 0.6 0.60327198364
64 0.7 0.60327198364
64 0.8 0.60327198364
64 0.9 0.60327198364
64 1.0 0.60327198364
65 0.1 0.501022494888
65 0.2 0.59509202454
65 0.3 0.60327198364
65 0.4 0.60327198364
65 0.5 0.60327198364
65 0.6 0.60327198364
65 0.7 0.60327198364
65 0.8 0.60327198364
65 0.9 0.60327198364
65 1.0 0.60327198364
66 0.1 0.509202453988
66 0.2 0.59918200409
66 0.3 0.60327198364
66 0.4 0.60327198364
66 0.5 0.60327198364
66 0.6 0.60327198364
66 0.7 0.60327198364
66 0.8 0.60327198364
66 0.9 0.60327198364
66 1.0 0.60327198364
67 0.1 0.513292433538
67 0.2 0.59918200409
67 0.3 0.60327198364
67 0.4 0.60327198364
67 0.5 0.60327198364
67 0.6 0.60327198364
67 0.7 0.60327198364
67 0.8 0.60327198364
67 0.9 0.60327198364
67 1.0 0.60327198364
68 0.1 0.517382413088
68 0.2 0.59918200409
68 0.3 0.60327198364
68 0.4 0.60327198364
68 0.5 0.60327198364
68 0.6 0.60327198364
68 0.7 0.60327198364
68 0.8 0.60327198364
68 0.9 0.60327198364
68 1.0 0.60327198364
69 0.1 0.521472392638
69 0.2 0.59918200409
69 0.3 0.60327198364
69 0.4 0.60327198364
69 0.5 0.60327198364
69 0.6 0.60327198364
69 0.7 0.60327198364
69 0.8 0.60327198364
69 0.9 0.60327198364
69 1.0 0.60327198364
70 0.1 0.519427402863
70 0.2 0.59918200409
70 0.3 0.60327198364
70 0.4 0.60327198364
70 0.5 0.60327198364
70 0.6 0.60327198364
70 0.7 0.60327198364
70 0.8 0.60327198364
70 0.9 0.60327198364
70 1.0 0.60327198364
71 0.1 0.523517382413
71 0.2 0.59918200409
71 0.3 0.60327198364
71 0.4 0.60327198364
71 0.5 0.60327198364
71 0.6 0.60327198364
71 0.7 0.60327198364
71 0.8 0.60327198364
71 0.9 0.60327198364
71 1.0 0.60327198364
72 0.1 0.531697341513
72 0.2 0.59918200409
72 0.3 0.60327198364
72 0.4 0.60327198364
72 0.5 0.60327198364
72 0.6 0.60327198364
72 0.7 0.60327198364
72 0.8 0.60327198364
72 0.9 0.60327198364
72 1.0 0.60327198364
73 0.1 0.535787321063
73 0.2 0.59918200409
73 0.3 0.60327198364
73 0.4 0.60327198364
73 0.5 0.60327198364
73 0.6 0.60327198364
73 0.7 0.60327198364
73 0.8 0.60327198364
73 0.9 0.60327198364
73 1.0 0.60327198364
74 0.1 0.535787321063
74 0.2 0.59918200409
74 0.3 0.60327198364
74 0.4 0.60327198364
74 0.5 0.60327198364
74 0.6 0.60327198364
74 0.7 0.60327198364
74 0.8 0.60327198364
74 0.9 0.60327198364
74 1.0 0.60327198364
75 0.1 0.539877300613
75 0.2 0.59918200409
75 0.3 0.60327198364
75 0.4 0.60327198364
75 0.5 0.60327198364
75 0.6 0.60327198364
75 0.7 0.60327198364
75 0.8 0.60327198364
75 0.9 0.60327198364
75 1.0 0.60327198364
76 0.1 0.541922290389
76 0.2 0.59918200409
76 0.3 0.60327198364
76 0.4 0.60327198364
76 0.5 0.60327198364
76 0.6 0.60327198364
76 0.7 0.60327198364
76 0.8 0.60327198364
76 0.9 0.60327198364
76 1.0 0.60327198364
77 0.1 0.543967280164
77 0.2 0.601226993865
77 0.3 0.60327198364
77 0.4 0.60327198364
77 0.5 0.60327198364
77 0.6 0.60327198364
77 0.7 0.60327198364
77 0.8 0.60327198364
77 0.9 0.60327198364
77 1.0 0.60327198364
78 0.1 0.543967280164
78 0.2 0.601226993865
78 0.3 0.60327198364
78 0.4 0.60327198364
78 0.5 0.60327198364
78 0.6 0.60327198364
78 0.7 0.60327198364
78 0.8 0.60327198364
78 0.9 0.60327198364
78 1.0 0.60327198364
79 0.1 0.546012269939
79 0.2 0.60327198364
79 0.3 0.60327198364
79 0.4 0.60327198364
79 0.5 0.60327198364
79 0.6 0.60327198364
79 0.7 0.60327198364
79 0.8 0.60327198364
79 0.9 0.60327198364
79 1.0 0.60327198364
80 0.1 0.550102249489
80 0.2 0.60327198364
80 0.3 0.60327198364
80 0.4 0.60327198364
80 0.5 0.60327198364
80 0.6 0.60327198364
80 0.7 0.60327198364
80 0.8 0.60327198364
80 0.9 0.60327198364
80 1.0 0.60327198364
81 0.1 0.552147239264
81 0.2 0.60327198364
81 0.3 0.60327198364
81 0.4 0.60327198364
81 0.5 0.60327198364
81 0.6 0.60327198364
81 0.7 0.60327198364
81 0.8 0.60327198364
81 0.9 0.60327198364
81 1.0 0.60327198364
82 0.1 0.552147239264
82 0.2 0.60327198364
82 0.3 0.60327198364
82 0.4 0.60327198364
82 0.5 0.60327198364
82 0.6 0.60327198364
82 0.7 0.60327198364
82 0.8 0.60327198364
82 0.9 0.60327198364
82 1.0 0.60327198364
83 0.1 0.554192229039
83 0.2 0.60327198364
83 0.3 0.60327198364
83 0.4 0.60327198364
83 0.5 0.60327198364
83 0.6 0.60327198364
83 0.7 0.60327198364
83 0.8 0.60327198364
83 0.9 0.60327198364
83 1.0 0.60327198364
84 0.1 0.552147239264
84 0.2 0.60327198364
84 0.3 0.60327198364
84 0.4 0.60327198364
84 0.5 0.60327198364
84 0.6 0.60327198364
84 0.7 0.60327198364
84 0.8 0.60327198364
84 0.9 0.60327198364
84 1.0 0.60327198364
85 0.1 0.552147239264
85 0.2 0.60327198364
85 0.3 0.60327198364
85 0.4 0.60327198364
85 0.5 0.60327198364
85 0.6 0.60327198364
85 0.7 0.60327198364
85 0.8 0.60327198364
85 0.9 0.60327198364
85 1.0 0.60327198364
86 0.1 0.552147239264
86 0.2 0.60327198364
86 0.3 0.60327198364
86 0.4 0.60327198364
86 0.5 0.60327198364
86 0.6 0.60327198364
86 0.7 0.60327198364
86 0.8 0.60327198364
86 0.9 0.60327198364
86 1.0 0.60327198364
87 0.1 0.550102249489
87 0.2 0.60327198364
87 0.3 0.60327198364
87 0.4 0.60327198364
87 0.5 0.60327198364
87 0.6 0.60327198364
87 0.7 0.60327198364
87 0.8 0.60327198364
87 0.9 0.60327198364
87 1.0 0.60327198364
88 0.1 0.552147239264
88 0.2 0.60327198364
88 0.3 0.60327198364
88 0.4 0.60327198364
88 0.5 0.60327198364
88 0.6 0.60327198364
88 0.7 0.60327198364
88 0.8 0.60327198364
88 0.9 0.60327198364
88 1.0 0.60327198364
89 0.1 0.552147239264
89 0.2 0.60327198364
89 0.3 0.60327198364
89 0.4 0.60327198364
89 0.5 0.60327198364
89 0.6 0.60327198364
89 0.7 0.60327198364
89 0.8 0.60327198364
89 0.9 0.60327198364
89 1.0 0.60327198364
90 0.1 0.552147239264
90 0.2 0.60327198364
90 0.3 0.60327198364
90 0.4 0.60327198364
90 0.5 0.60327198364
90 0.6 0.60327198364
90 0.7 0.60327198364
90 0.8 0.60327198364
90 0.9 0.60327198364
90 1.0 0.60327198364
91 0.1 0.550102249489
91 0.2 0.60327198364
91 0.3 0.60327198364
91 0.4 0.60327198364
91 0.5 0.60327198364
91 0.6 0.60327198364
91 0.7 0.60327198364
91 0.8 0.60327198364
91 0.9 0.60327198364
91 1.0 0.60327198364
92 0.1 0.558282208589
92 0.2 0.60327198364
92 0.3 0.60327198364
92 0.4 0.60327198364
92 0.5 0.60327198364
92 0.6 0.60327198364
92 0.7 0.60327198364
92 0.8 0.60327198364
92 0.9 0.60327198364
92 1.0 0.60327198364
93 0.1 0.560327198364
93 0.2 0.60327198364
93 0.3 0.60327198364
93 0.4 0.60327198364
93 0.5 0.60327198364
93 0.6 0.60327198364
93 0.7 0.60327198364
93 0.8 0.60327198364
93 0.9 0.60327198364
93 1.0 0.60327198364
94 0.1 0.560327198364
94 0.2 0.60327198364
94 0.3 0.60327198364
94 0.4 0.60327198364
94 0.5 0.60327198364
94 0.6 0.60327198364
94 0.7 0.60327198364
94 0.8 0.60327198364
94 0.9 0.60327198364
94 1.0 0.60327198364
95 0.1 0.560327198364
95 0.2 0.60327198364
95 0.3 0.60327198364
95 0.4 0.60327198364
95 0.5 0.60327198364
95 0.6 0.60327198364
95 0.7 0.60327198364
95 0.8 0.60327198364
95 0.9 0.60327198364
95 1.0 0.60327198364
96 0.1 0.564417177914
96 0.2 0.60327198364
96 0.3 0.60327198364
96 0.4 0.60327198364
96 0.5 0.60327198364
96 0.6 0.60327198364
96 0.7 0.60327198364
96 0.8 0.60327198364
96 0.9 0.60327198364
96 1.0 0.60327198364
97 0.1 0.564417177914
97 0.2 0.60327198364
97 0.3 0.60327198364
97 0.4 0.60327198364
97 0.5 0.60327198364
97 0.6 0.60327198364
97 0.7 0.60327198364
97 0.8 0.60327198364
97 0.9 0.60327198364
97 1.0 0.60327198364
98 0.1 0.566462167689
98 0.2 0.60327198364
98 0.3 0.60327198364
98 0.4 0.60327198364
98 0.5 0.60327198364
98 0.6 0.60327198364
98 0.7 0.60327198364
98 0.8 0.60327198364
98 0.9 0.60327198364
98 1.0 0.60327198364
99 0.1 0.566462167689
99 0.2 0.60327198364
99 0.3 0.60327198364
99 0.4 0.60327198364
99 0.5 0.60327198364
99 0.6 0.60327198364
99 0.7 0.60327198364
99 0.8 0.60327198364
99 0.9 0.60327198364
99 1.0 0.60327198364
100 0.1 0.566462167689
100 0.2 0.60327198364
100 0.3 0.60327198364
100 0.4 0.60327198364
100 0.5 0.60327198364
100 0.6 0.60327198364
100 0.7 0.60327198364
100 0.8 0.60327198364
100 0.9 0.60327198364
100 1.0 0.60327198364
The m and p value is (93, 0.4)